Risk level Clusters  Average      Min      Max       SD
INFO           1115   1090.3        5   583889  19227.6
LOW             221    189.4        4     5557    612.9
MEDIUM           18     31.6        5      235     55.5
HIGH             17    117.0        6     1107    270.6
ATTACK           33     42.2        5      402     77.1
SUSPICIOUS      238   2604.4        5   280056  20209.9
Total          1642   1145.7        4   583889  17629.0

Single level clusters   :     1404/    1642 =  85.5055%
Single level sequences  :  1261473/ 1881314 =  67.0528%
Adjacent level clusters :     1527/    1642 =  92.9963%
Adjacent level sequences:  1854247/ 1881314 =  98.5613%

Homogeneity: 0.9767

SUSPICIOUS
( 1, 0.0000)
( 2, 0.3179)
( 3, 0.4718)
( 4, 0.5650)
( 5, 0.6281)
( 6, 0.6713)
( 7, 0.7033)
( 8, 0.7277)
( 9, 0.7475)
(10, 0.7632)
(11, 0.7759)
(12, 0.7860)
(13, 0.7948)
(14, 0.8025)
(15, 0.8089)
(16, 0.8146)
(17, 0.8195)
(18, 0.8241)
(19, 0.8284)
(20, 0.8325)

CONSERVATIVE
( 1, 0.4213)
( 2, 0.5610)
( 3, 0.6341)
( 4, 0.6807)
( 5, 0.7126)
( 6, 0.7350)
( 7, 0.7522)
( 8, 0.7647)
( 9, 0.7755)
(10, 0.7846)
(11, 0.7928)
(12, 0.8000)
(13, 0.8067)
(14, 0.8126)
(15, 0.8176)
(16, 0.8224)
(17, 0.8269)
(18, 0.8309)
(19, 0.8348)
(20, 0.8385)

EITHER
( 1, 0.4213)
( 2, 0.5995)
( 3, 0.6868)
( 4, 0.7398)
( 5, 0.7746)
( 6, 0.7979)
( 7, 0.8150)
( 8, 0.8272)
( 9, 0.8372)
(10, 0.8452)
(11, 0.8521)
(12, 0.8578)
(13, 0.8630)
(14, 0.8673)
(15, 0.8706)
(16, 0.8737)
(17, 0.8765)
(18, 0.8792)
(19, 0.8817)
(20, 0.8842)
(21, 0.8865)
(22, 0.8888)
(23, 0.8908)
(24, 0.8925)
(25, 0.8942)
(26, 0.8959)
(27, 0.8974)
(28, 0.8989)
(29, 0.9004)
(30, 0.9018)
(31, 0.9030)
(32, 0.9041)
(33, 0.9052)
(34, 0.9064)
(35, 0.9075)
(36, 0.9085)
(37, 0.9096)
(38, 0.9107)
(39, 0.9117)
(40, 0.9128)
(41, 0.9138)
(42, 0.9148)
(43, 0.9157)
(44, 0.9165)
(45, 0.9173)
(46, 0.9181)
(47, 0.9189)
(48, 0.9197)
(49, 0.9205)
(50, 0.9213)
(51, 0.9220)
(52, 0.9228)
(53, 0.9236)
(54, 0.9243)
(55, 0.9251)
(56, 0.9258)
(57, 0.9265)
(58, 0.9273)
(59, 0.9280)
(60, 0.9287)
(61, 0.9294)
(62, 0.9301)
(63, 0.9308)
(64, 0.9315)
(65, 0.9322)
(66, 0.9329)
(67, 0.9336)
(68, 0.9342)
(69, 0.9349)
(70, 0.9356)
(71, 0.9362)
(72, 0.9369)
(73, 0.9375)
(74, 0.9381)
(75, 0.9388)
(76, 0.9394)
(77, 0.9400)
(78, 0.9407)
(79, 0.9413)
(80, 0.9419)
(81, 0.9425)
(82, 0.9431)
(83, 0.9437)
(84, 0.9443)
(85, 0.9449)
(86, 0.9454)
(87, 0.9460)
(88, 0.9466)
(89, 0.9471)
(90, 0.9477)
(91, 0.9483)
(92, 0.9488)
(93, 0.9494)
(94, 0.9499)
(95, 0.9505)
(96, 0.9510)
(97, 0.9538)
(98, 0.9543)
(99, 0.9548)
(100, 0.9552)
(101, 0.9557)
(102, 0.9561)
(103, 0.9566)
(104, 0.9570)
(105, 0.9574)
(106, 0.9578)
(107, 0.9582)
(108, 0.9586)
(109, 0.9590)
(110, 0.9593)
(111, 0.9597)
(112, 0.9601)
(113, 0.9605)
(114, 0.9630)
(115, 0.9633)
(116, 0.9637)
(117, 0.9640)
(118, 0.9644)
(119, 0.9647)
(120, 0.9651)
(121, 0.9654)
(122, 0.9658)
(123, 0.9661)
(124, 0.9664)
(125, 0.9668)
(126, 0.9671)
(127, 0.9674)
(128, 0.9677)
(129, 0.9680)
(130, 0.9684)
(131, 0.9687)
(132, 0.9690)
(133, 0.9693)
(134, 0.9696)
(135, 0.9713)
(136, 0.9715)
(137, 0.9718)
(138, 0.9720)
(139, 0.9722)
(140, 0.9739)
(141, 0.9742)
(142, 0.9744)
(143, 0.9746)
(144, 0.9748)
(145, 0.9750)
(146, 0.9752)
(147, 0.9754)
(148, 0.9755)
(149, 0.9757)
(150, 0.9759)
(151, 0.9761)
(152, 0.9763)
(153, 0.9765)
(154, 0.9767)
(155, 0.9768)
(156, 0.9770)
(157, 0.9772)
(158, 0.9774)
(159, 0.9775)
(160, 0.9777)
(161, 0.9779)
(162, 0.9780)
(163, 0.9782)
(164, 0.9784)
(165, 0.9785)
(166, 0.9787)
(167, 0.9789)
(168, 0.9790)
(169, 0.9792)
(170, 0.9793)
(171, 0.9795)
(172, 0.9796)
(173, 0.9798)
(174, 0.9799)
(175, 0.9801)
(176, 0.9802)
(177, 0.9804)
(178, 0.9805)
(179, 0.9807)
(180, 0.9808)
(181, 0.9809)
(182, 0.9811)
(183, 0.9812)
(184, 0.9814)
(185, 0.9815)
(186, 0.9816)
(187, 0.9818)
(188, 0.9819)
(189, 0.9820)
(190, 0.9822)
(191, 0.9823)
(192, 0.9824)
(193, 0.9826)
(194, 0.9827)
(195, 0.9828)
(196, 0.9829)
(197, 0.9831)
(198, 0.9832)
(199, 0.9839)
(200, 0.9840)
(201, 0.9841)
(202, 0.9849)
(203, 0.9850)
(204, 0.9851)
(205, 0.9852)
(206, 0.9853)
(207, 0.9854)
(208, 0.9855)
(209, 0.9856)
(210, 0.9857)
(211, 0.9858)
(212, 0.9859)
(213, 0.9860)
(214, 0.9861)
(215, 0.9862)
(216, 0.9863)
(217, 0.9864)
(218, 0.9865)
(219, 0.9866)
(220, 0.9867)
(221, 0.9868)
(222, 0.9869)
(223, 0.9870)
(224, 0.9871)
(225, 0.9871)
(226, 0.9872)
(227, 0.9873)
(228, 0.9874)
(229, 0.9875)
(230, 0.9876)
(231, 0.9877)
(232, 0.9877)
(233, 0.9878)
(234, 0.9879)
(235, 0.9880)
(236, 0.9881)
(237, 0.9882)
(238, 0.9882)
(239, 0.9883)
(240, 0.9884)
(241, 0.9885)
(242, 0.9886)
(243, 0.9886)
(244, 0.9887)
(245, 0.9888)
(246, 0.9889)
(247, 0.9889)
(248, 0.9890)
(249, 0.9891)
(250, 0.9892)
(251, 0.9892)
(252, 0.9893)
(253, 0.9894)
(254, 0.9895)
(255, 0.9895)
(256, 0.9896)
(257, 0.9897)
(258, 0.9897)
(259, 0.9898)
(260, 0.9899)
(261, 0.9899)
(262, 0.9900)
(263, 0.9901)
(264, 0.9901)
(265, 0.9902)
(266, 0.9903)
(267, 0.9903)
(268, 0.9904)
(269, 0.9905)
(270, 0.9905)
(271, 0.9906)
(272, 0.9907)
(273, 0.9907)
(274, 0.9908)
(275, 0.9909)
(276, 0.9909)
(277, 0.9910)
(278, 0.9910)
(279, 0.9911)
(280, 0.9912)
(281, 0.9914)
(282, 0.9914)
(283, 0.9915)
(284, 0.9916)
(285, 0.9916)
(286, 0.9917)
(287, 0.9917)
(288, 0.9918)
(289, 0.9918)
(290, 0.9919)
(291, 0.9920)
(292, 0.9920)
(293, 0.9921)
(294, 0.9921)
(295, 0.9922)
(296, 0.9922)
(297, 0.9923)
(298, 0.9923)
(299, 0.9924)



(5, 125)
(6, 101)
(7, 95)
(8, 70)
(9, 79)
(10, 63)
(11, 46)
(12, 37)
(13, 32)
(14, 39)
(15, 33)
(16, 25)
(17, 25)
(18, 29)
(19, 24)
(20, 26)
(21, 14)
(22, 15)
(23, 19)
(24, 16)
(25, 16)
(26, 14)
(27, 16)
(28, 14)
(29, 12)
(30, 13)
(31, 12)
(32, 7)
(33, 12)
(34, 8)
(35, 11)
(36, 6)
(37, 9)
(38, 9)
(39, 9)
(40, 3)
(41, 10)
(42, 8)
(43, 4)
(44, 5)
(45, 4)
(46, 10)
(47, 5)
(48, 2)
(49, 11)
(50, 4)
(51, -1)
(57, 149)
(59, -1)
(62, 246)
(64, -1)
(67, 85)
(69, -1)
(72, 13)
(74, -1)
