297 0
43565 1
715 10
25211 100
48029 101
4 102
3 103
837 104
1010 105
46 106
1396 107
1 108
1024 109
39 11
13 110
3 111
2 112
399 113
3 114
3 115
16 116
1739 117
49 118
122840 119
1 12
21358 120
2 121
380 122
3 123
6 124
5 125
3 126
19060 127
2118112 128
23963 129
111554 13
1272 130
91 131
15 132
2 133
184 134
440 135
10 136
34 137
211 138
268 139
2 14
2 140
2 141
2791 142
891 143
250 144
5 145
2 146
2 147
10 148
1 149
7 15
6 150
18 151
79318 152
173356 153
13 154
7594 155
21 156
5 157
152566 158
8 159
160 16
18 160
32 161
110 162
1648 163
84466 164
103 165
14062 166
6143 167
942 168
22 169
929 17
18 170
1211 171
2103 172
1 173
1006 174
12827 175
5883 176
4740129 177
2 178
28 179
52658 18
10 180
3186 181
3 182
470 183
279 184
1647 185
2 186
16133 187
171788 188
1718 189
4 19
7871 190
5956 191
1 192
302722 193
392 194
38 195
2 196
4 197
584 198
75 199
294268 2
242 20
3 200
30 201
495 202
1471 203
134 204
77 205
128 206
336 207
1354 208
370 209
1 21
760 210
198 211
1897 212
203 213
271 214
56 215
745 216
313 217
49 218
963 219
13 22
6 220
367 221
1204 222
5 223
548 224
282 225
1392 226
915 227
3310 228
2723 229
6 23
3 230
496 231
770 232
66 233
1 234
970 235
6816 236
1848 237
1 238
16002 239
7 24
1 240
70 241
210 242
6 243
368 244
39575 245
449 246
1073 247
3 248
137 249
15 25
26 250
826 251
22 252
92794 253
1482 254
2016 255
700 256
1651 257
2041 258
18089 259
2 26
1175 260
33138 261
17915 262
40 263
291792 264
5 265
1 266
4 267
2441 268
129512 269
33 27
4 270
1 271
321005 272
579 273
13568 274
1516 275
186 276
636 277
3 278
29 279
5 28
114 280
1 281
550 282
9544 283
22 284
12 285
130 286
625 287
9307 288
15 289
246 29
1 290
21555 3
52 30
5545 31
49 32
23 33
40287 34
56 35
20 36
2 37
2666 38
1 39
11 4
4 40
33 41
534 42
28007 43
4 44
1312 45
63064 46
42209 47
674 48
690 49
8 5
4 50
6 51
13 52
7 53
170 54
5843 55
16618 56
16 57
24585 58
1771 59
46 6
24 60
179 61
3772 62
3 63
2 64
140 65
103 66
1022 67
626 68
8 69
9 7
3 70
19 71
4 72
24040 73
13 74
2208 75
1 76
97 77
20 78
37 79
5 8
1189 80
1 81
15 82
41 83
4 84
17 85
21145 86
2 87
209 88
6 89
1406 9
1 90
177211 91
868 92
256219 93
3 94
49261 95
7 96
1 97
31 98
61 99
1 threat_name
